3.590265442230660548e-02,3.605964667082569436e-02,8.836190917023358793e-01,4.441860720453175149e-02
6.478752052522947745e-04,3.045405749066883768e-03,1.051948983709494103e-03,9.952547700619713833e-01
8.999630134208116625e-03,1.433196478771806524e-02,9.697606325768765023e-01,6.907772501197395609e-03
9.942576279045347576e-01,5.332891949453341662e-03,1.194256477340396931e-04,2.900544982775199237e-04
9.974171777476595890e-01,8.393477672108266060e-04,5.788397485780023659e-04,1.164634736551226372e-03
6.221632216349248356e-04,2.234515536532516618e-03,2.022242285301648675e-03,9.951210789565307913e-01
9.954965880789550248e-01,4.200015705398393862e-03,1.301236785484053988e-04,1.732725370986000555e-04
1.406203779274426552e-02,9.749787225611750152e-01,3.869180076800943485e-03,7.090059569279689479e-03
9.965355172870270506e-01,2.944656826309261389e-03,3.126687934025108406e-04,2.071570932613095049e-04
1.032520302467105711e-03,9.973367332495230997e-01,4.239309295562066274e-04,1.206815518453484759e-03
4.169969356912166247e-02,9.537748390070960314e-01,2.931155705006024438e-03,1.594311718776094148e-03
8.889874932444422756e-03,9.829500971840314794e-01,2.080585960848004273e-03,6.079441922675823430e-03
6.477581509501779966e-02,9.324727686365859025e-01,1.332286486377666892e-03,1.419129782018641126e-03
3.884947106464123464e-04,1.373157090308569066e-03,8.999887218085191000e-04,9.973383594772369243e-01
1.405855089487641207e-01,2.540101973375427299e-02,8.172015607732123765e-01,1.681191054426942055e-02
1.813867252791657309e-02,3.602839560803768482e-03,9.651259774523994750e-01,1.313251045887995488e-02
9.928254282576403078e-01,5.068289230336839139e-03,1.124442512771434925e-03,9.818399992515404288e-04
9.979135554397816632e-01,1.677911778433167347e-03,2.908901296409657973e-04,1.176426521446382548e-04
2.969595635423941463e-02,4.294036300536336476e-02,9.222640863268147804e-01,5.099594313582503542e-03
3.629236391935446431e-03,9.939552453257612941e-01,1.091616443534271924e-03,1.323901838768870055e-03
9.955580791653114714e-01,3.978091699463143227e-03,3.680675065186809732e-04,9.576162870655364904e-05
9.586211880430893784e-01,3.949180160870540551e-02,7.708504309641427436e-04,1.116159917240988923e-03
2.665556729131780822e-02,1.086949754128329129e-02,9.574779908153936425e-01,4.996944352005244089e-03
4.601116999316688660e-02,9.520843151102822421e-01,7.111654556730159608e-04,1.193349440877868300e-03
2.328930553752856306e-02,2.365137514903893623e-03,9.716278306758718841e-01,2.717726271695455800e-03
8.334356848196220954e-03,9.866457284435760089e-01,1.797165345929964018e-03,3.222749362297710075e-03
3.520147061542275128e-03,3.195951332132989774e-03,2.164242162107198574e-03,9.911196594442177599e-01
2.434360132309927247e-02,9.719452743335463829e-01,1.582921291799034525e-03,2.128203051555548845e-03
9.891400313983821357e-01,5.443889378632875420e-03,3.290247621439382642e-03,2.125831601545747577e-03
3.562675124827487279e-03,9.929280238736342135e-01,5.953261385185198680e-04,2.913974863019295081e-03
3.885570145638525194e-03,9.947741708630154500e-01,2.814600725988956778e-04,1.058798918747037550e-03
9.913267942696735169e-01,7.390967987481925246e-03,9.647393806863277781e-04,3.174983621579414821e-04
3.211839362938893189e-02,3.538155910735309075e-03,9.602115898083551926e-01,4.131860651520543465e-03
1.747883080765918031e-03,9.924784928442713650e-01,6.734426492579748645e-04,5.100181425704569324e-03
8.805922701842602146e-03,1.094723514238707092e-03,9.770851608416142309e-01,1.301419294230432046e-02
6.468403978967932066e-02,5.128608070438253619e-02,8.748615085480134779e-01,9.168370957924757217e-03
3.907821346424725402e-03,9.943906484897383491e-01,7.469799795066263534e-04,9.545501843301771802e-04
1.098784035419143532e-02,9.842037159412979630e-01,2.948568325810162639e-03,1.859875378700287258e-03
4.720887755764265514e-04,5.023475565256014207e-04,6.242661968393930410e-04,9.984012974710582133e-01
8.986581530849901966e-01,9.302818549242194979e-02,3.532432522873881625e-03,4.781228899713840103e-03
9.966070554554163907e-01,2.433466374337046618e-03,7.017655228724117367e-04,2.577126473741393775e-04
6.769635923840541802e-02,9.231923623416572466e-01,7.103721877257166556e-03,2.007556542680170950e-03
1.489548284542501280e-02,8.208023333365352739e-03,9.477700425043004140e-01,2.912645131690903486e-02
5.697751866802481385e-03,9.827347470500685800e-01,1.386231016908236451e-03,1.018127006622075205e-02
3.311844556133896299e-03,9.926928352866131178e-01,8.235804621734873869e-04,3.171739695079489867e-03
2.537128409393874309e-02,3.834367455609469406e-03,9.682553835127459818e-01,2.538964937706055056e-03
5.651219881332467804e-02,1.888421085978443312e-02,8.938126335139392475e-01,3.079095681295170722e-02
2.471574912364768190e-03,9.949708361017983727e-01,4.688908135768340133e-04,2.088698172259866037e-03
1.195156473411382531e-03,5.465261826715223092e-03,1.639677306770134443e-03,9.916999043931028490e-01
9.919270938800376358e-01,7.220294605190281934e-03,6.189091383992329984e-04,2.337023763728079669e-04
9.937957798384774444e-01,4.063962157423774493e-03,9.602660556992920595e-04,1.179991948399660481e-03
1.607068116235857110e-04,2.067272958134595742e-03,5.139162070934427673e-04,9.972581040231484062e-01
3.305960729163443532e-04,1.072481445245372124e-02,2.514342966162784031e-03,9.864302465084668903e-01
4.843842860607265599e-02,3.169648611330349360e-03,9.402697311658690937e-01,8.122191616727697516e-03
9.885950058662391626e-01,9.922313586829763915e-03,8.093413995149101835e-04,6.733391474157022702e-04
6.337715031528186327e-02,8.769775660538171522e-03,6.218479999016244576e-03,9.216345940251635671e-01
4.714938029578135542e-02,9.484007305470686378e-01,2.093170187199992587e-03,2.356718969949733213e-03
3.064226633720695901e-03,1.196137936032805674e-02,3.612420716267658767e-03,9.813619732896835535e-01
5.989773690667502676e-03,9.915819796087247395e-01,4.897387234078001131e-04,1.938507977199811425e-03
9.904098512494792228e-01,7.875600789912010763e-03,1.172885541014412553e-03,5.416624195947735776e-04
9.413477540376148298e-04,2.600860762022857119e-03,1.361656544450771944e-03,9.950961349394884525e-01
2.237604224005533202e-02,3.786883193175522022e-03,9.695352969164592327e-01,4.301777650310094521e-03
1.953421055217355318e-03,9.952030977054927563e-01,5.434136084434492385e-04,2.300067630846078758e-03
1.307128868843605201e-03,9.904113908340491657e-01,9.884888799801358917e-04,7.292991417126762355e-03
5.324373283604137003e-03,9.897706416673930363e-01,2.577061160701197423e-03,2.327923888302081603e-03
3.212039479669537029e-03,9.935754240424651273e-01,8.083061677362900904e-04,2.404230310128952722e-03
1.049223868867205089e-02,9.838373804870781392e-01,1.689549085097344578e-03,3.980831739152428279e-03
1.905972903546850061e-02,2.637520409382384037e-02,9.046335587276308488e-01,4.993150814307695251e-02
9.968552497171068172e-01,2.560780145504671593e-03,3.787577945249766460e-04,2.052123428636678495e-04
2.494495094916002794e-03,9.956052791025552517e-01,6.270748119843063241e-04,1.273150990544012718e-03
8.221531808200301106e-02,1.940674746520490088e-02,8.927842037968151123e-01,5.593730655977147484e-03
1.296220415887697729e-02,1.684216885448186138e-02,1.644463576201601884e-02,9.537509912246248112e-01
1.557987768402575987e-03,4.975144314582722639e-03,3.228203846136940263e-03,9.902386640708775722e-01
3.128163303603317177e-03,9.938287044985727459e-01,7.454921550668713957e-04,2.297640042756849809e-03
5.339709737611501861e-02,1.236183032781073936e-02,9.285143060237802670e-01,5.726766272293700930e-03
9.844945236141797867e-03,9.848787596278661960e-01,2.717415280670509772e-03,2.558879855321498104e-03
8.317771459003931930e-03,2.141890227165097957e-03,9.853065573420152212e-01,4.233780971816116651e-03
8.040126326485298736e-02,9.794208492865989768e-03,9.044563265558306364e-01,5.348201686450460186e-03
1.622715625540564061e-02,9.673183281835181502e-01,2.802681693550477474e-03,1.365183386752560728e-02
4.959186476486564243e-02,9.367650558211987333e-01,4.960829818333176329e-03,8.682249595602476583e-03
1.949462173097387882e-02,9.721621837395402199e-01,2.079992780012275382e-03,6.263201749473582512e-03
2.808507398072542394e-03,2.557545730101307146e-02,8.103056686960821101e-04,9.708057296322183394e-01
1.795329229584722241e-04,1.678229172855452657e-03,3.930084867031837523e-04,9.977492294174825638e-01
9.944600176581740447e-01,2.789216105756320979e-03,1.977965492711051144e-03,7.728007433590906730e-04
2.136936119153384512e-03,9.959972698039135652e-01,3.762372759813629487e-04,1.489556800951387632e-03
6.606765268811644332e-02,9.208333110788492482e-01,7.299260864304522173e-03,5.799775368729906053e-03
3.556203888597984919e-02,9.608146271746655920e-01,2.137655255751989922e-03,1.485678683603117731e-03
8.515357071368462663e-03,9.906126009756091033e-01,3.622014623169257739e-04,5.098404907058485787e-04
8.199460726415084763e-03,9.882811090428361700e-01,1.459733196721297189e-03,2.059697034027751627e-03
9.941318212858597514e-01,2.066514442320277391e-03,3.120396597722388619e-03,6.812676740976297612e-04
9.974200270358045683e-01,1.945801274762711322e-03,4.081378674920596713e-04,2.260338219410098787e-04
9.894709740298149869e-01,4.027025226721871361e-03,5.807668223988930040e-03,6.943325194740990235e-04
3.708245404299700260e-02,1.945050260986289081e-02,9.344539001378379117e-01,9.013143209302491507e-03
2.012144741410988591e-02,9.542310084860426977e-01,8.976230152226054651e-03,1.667131394762153690e-02
5.394027705096511582e-03,9.911856904332719820e-01,1.930016741930766933e-03,1.490265119700700906e-03
9.314744274193428181e-04,9.984969188519345895e-01,7.233690834628811299e-05,4.992698122996792279e-04
9.926646676269825775e-01,6.231546802609127730e-03,7.886896684197366308e-04,3.150959019885001032e-04
3.089556567424224173e-02,6.114107549370077777e-03,9.475728630362760807e-01,1.541746374011142631e-02
9.725352791745390212e-04,5.529232535281420995e-03,2.602435235035345518e-03,9.908957969505092223e-01
3.079958472953988301e-03,9.914858403088523398e-01,1.290984371199001236e-03,4.143216846994608911e-03
9.900872157459147394e-01,8.536667996224045485e-03,1.039029716522840317e-03,3.370865413387285681e-04
2.641972157169679425e-03,9.958863652376080955e-01,5.134960567518698097e-04,9.581665484700695873e-04
1.730338518818681434e-02,1.541320962592154309e-03,9.706536562392444889e-01,1.050163760997671093e-02
6.374938570151654320e-03,9.915587180159084468e-01,7.140727434541483450e-04,1.352270670485841578e-03
4.542191714978899980e-02,1.187157361831339339e-02,9.384889481902076724e-01,4.217561041689993351e-03
9.963596404595422840e-01,2.263229500145180761e-03,6.402305875527322578e-04,7.368994527597721176e-04
1.361476676757806398e-03,2.161457943977836312e-03,1.051451214812155815e-03,9.954256141644522993e-01
9.012649548436119096e-01,3.013995975526817875e-02,1.992006910686377683e-02,4.867501629425610016e-02
8.336139398685268181e-03,9.844886335548248546e-01,1.981554679589831412e-03,5.193672366900470815e-03
3.046965042517885049e-03,1.290686092441392955e-03,9.259383967397582984e-04,9.947364104683014130e-01
8.720304379077513585e-05,3.143039021566842312e-03,4.881718250753035149e-04,9.962815861095667413e-01
1.042369162381357600e-02,6.246384145451356912e-04,9.814828967906309432e-01,7.468773171010055674e-03
1.337761105303506004e-02,1.948837390771223504e-02,9.251858531456833568e-01,4.194816189356920938e-02
3.179550142870408297e-02,3.095128494861950838e-03,9.553480017657922652e-01,9.761368310641850218e-03
1.681101979336578622e-02,5.833145312143880488e-04,9.759441341437942175e-01,6.661531531625552657e-03
9.843063625343296819e-01,1.426180385308235127e-02,7.278465287218847252e-04,7.039870838660133032e-04
2.070810605915900798e-02,3.953760420034452272e-03,9.506333851203312424e-01,2.470474840047538409e-02
4.098535201778641694e-04,2.842190159651813985e-03,3.691161444377987519e-04,9.963788401757327495e-01
1.306555780179287363e-02,9.854403422584030459e-01,5.170959957141878270e-04,9.770039440902440753e-04
7.942770946689445624e-03,9.887910644693911344e-01,1.178586120620304023e-03,2.087578463298832548e-03
3.544540663587639889e-02,4.468765292324367055e-04,9.592173508061633269e-01,4.890366028727845780e-03
7.947656264276761274e-04,6.467430693297816779e-02,1.352911175491449021e-02,9.210018156856797367e-01
2.240049837386207804e-02,3.109763672725187125e-02,9.197739045876460739e-01,2.672796031123968186e-02
7.076599810172308838e-03,9.560132190313259670e-01,7.092525325236515368e-03,2.981765583326504918e-02
1.083454836691550086e-02,9.855921839365229253e-01,1.279500643126954941e-03,2.293767053434410050e-03
5.792348880687122952e-04,6.215190811430466866e-03,1.279155151403612656e-03,9.919264191490975158e-01
7.885055265454603279e-02,8.932030570471409803e-01,1.755335631060833679e-02,1.039303398770469872e-02
1.234325951092028360e-03,3.454302278307858336e-03,2.353369339786090444e-03,9.929580024308138908e-01
4.996326049936270636e-02,1.088308634764948851e-01,3.076820476241897903e-02,8.104376712617237244e-01
7.126178664662274594e-04,9.986317383656260205e-01,1.891829387259928046e-04,4.664608291817965509e-04
1.222951355853738042e-02,6.459570639374460910e-03,8.951685677594550805e-03,9.723592301244938785e-01
9.963166168613257767e-01,2.424197976528721498e-03,4.137320607417963470e-04,8.454531014037893616e-04
7.193713979966045394e-04,6.991765429264965416e-04,4.077083689781077318e-04,9.981737436900987026e-01
1.047809008923726365e-03,9.948936841095522565e-01,4.965127682786836787e-04,3.561994113245087103e-03
1.532457288516534955e-01,1.538880047436522458e-01,6.702269728774683522e-01,2.263929352722588925e-02
3.563010969780785325e-02,5.476739318219516275e-03,9.526782291861896068e-01,6.214921797783051413e-03
2.648364332014384315e-02,1.297310806726534619e-03,9.632573762511743576e-01,8.961669621954966927e-03
2.671687262501557317e-02,4.179880443217152616e-03,9.425506060905028960e-01,2.655264084126441118e-02
8.073178239045075699e-03,9.869533238163418210e-01,2.108569229166205785e-03,2.864928715446344188e-03
9.862643318240894574e-01,1.318912036698891531e-02,4.876775550416545643e-04,5.887025388043444051e-05
9.981039655136925148e-01,1.004874148617674375e-03,6.563016803005894927e-04,2.348586573893196637e-04
2.339763583717890602e-02,3.047160875820742031e-03,9.583888526034788358e-01,1.516635068352166667e-02
9.960846470598822000e-01,2.522066277985176436e-03,7.909569003305958780e-04,6.023297618022002871e-04
1.260422089013030211e-02,9.787659470790668337e-01,3.827243796940972987e-03,4.802588233862131913e-03
9.952680064050625219e-01,4.021549044235910204e-03,3.608124303313683186e-04,3.496321203698190411e-04
9.314910117267027889e-01,6.598043109567278131e-02,1.607022618223812038e-03,9.215345594008481295e-04
8.681142815013192333e-04,3.230131886424447967e-03,1.251674480108824154e-03,9.946500793519656991e-01
9.930358318349414848e-01,4.827259743302598702e-03,1.815150288871121434e-03,3.217581328853035688e-04
9.964532696699384129e-01,1.979375634009234667e-03,8.829053727802566595e-04,6.844493232720244439e-04
9.943878161841230856e-01,5.298428684266273843e-03,2.079932162399714438e-04,1.057619153706249943e-04
4.289151756678914740e-02,8.299452114424546792e-03,9.246962413219526056e-01,2.411278899683380605e-02
9.912932719548184224e-01,7.820371993709416408e-03,6.249037500008618748e-04,2.614523014717630976e-04
9.770518354098586267e-01,2.261538950953091015e-02,2.574437129816822606e-04,7.533136762850860940e-05
6.785785602044141877e-03,6.889901868146514237e-03,5.400919763447871447e-03,9.809233927663616459e-01
5.494853403757172237e-05,2.558279652325560864e-03,2.144969744796390457e-04,9.971722748391572688e-01
7.699892692771820443e-04,9.963051262338969982e-01,3.679014502595058002e-04,2.556983046566814726e-03
9.823911763536219421e-01,1.650546392511685959e-02,8.331435003651726373e-04,2.702162208964300431e-04
2.646893460437551443e-02,9.686410625431669530e-01,2.386413265104148692e-03,2.503589587353508786e-03
1.143087163970132533e-02,1.017727806220287967e-02,9.730853410245119406e-01,5.306509273583963696e-03
1.983866207842324356e-02,7.282901586096281795e-04,9.749350730704144929e-01,4.497974692552572651e-03
2.295991712184078729e-02,9.729082771798296392e-01,1.832908626816610832e-03,2.298897071513258256e-03
1.594600482635171465e-03,9.903527159197509366e-01,1.128486463325572946e-03,6.924197134288434530e-03
4.672293265812262932e-03,9.909466717157801030e-01,1.365501350640140705e-03,3.015533667767742506e-03
1.717536721394094523e-02,2.979075137174472167e-03,1.138691488768252789e-02,9.684586427612020820e-01
5.662760207498206133e-02,7.031846459009125083e-02,8.584195417009020668e-01,1.463439163402473903e-02
6.324628008555474579e-03,9.919273834287490876e-01,6.099983543261000866e-04,1.137990208369091694e-03
5.198108692120982817e-03,9.880513183563406354e-01,2.871736308208697012e-03,3.878836643330023457e-03
1.072658298584467165e-02,9.846264159758236767e-01,9.184110966095445283e-04,3.728589941722205894e-03
3.591503603392646321e-02,6.140192765300037797e-03,6.813594735241611591e-03,9.511311764655318024e-01
9.723764788772931711e-01,2.306470258514570215e-02,3.446051124879095234e-03,1.112767412682364159e-03
3.334281177860813628e-02,8.750261196667694780e-03,9.461193568228356554e-01,1.178757020188878936e-02
9.960143010105837469e-01,2.432429343523363676e-03,1.002783819259614505e-03,5.504858266336186239e-04
9.946821125168825439e-01,2.163242293278300633e-03,2.909869659797208446e-03,2.447755300422578876e-04
1.263399181545616159e-02,9.299304665367692790e-03,9.596057921366043519e-01,1.846091138257179368e-02
4.035658140788830374e-03,9.937916139266067539e-01,4.845634590957862103e-04,1.688164473508581764e-03
9.896618777504460063e-01,8.847536736087983564e-03,8.888207994826739832e-04,6.017647139828597802e-04
2.230009942616675150e-02,6.505051275507911165e-03,9.352384515269653864e-01,3.595639777135989368e-02
2.872528014761619505e-03,9.947950292566659636e-01,8.981792791128492956e-04,1.434263449459193028e-03
9.951757464586707957e-02,3.223224466357175327e-03,8.814456276438881188e-01,1.581357324388749097e-02
1.778306345990668044e-02,8.366461661300951883e-03,9.619150404184860781e-01,1.193543446030616989e-02
7.742205382062214598e-03,1.394373551104670719e-02,5.230240207985265878e-03,9.730838188989057169e-01
1.850160564970609791e-03,9.966608254237865339e-01,2.990725886504521660e-04,1.189941422592614680e-03
1.048468226577162210e-01,1.382987335654722524e-02,8.740207715511328912e-01,7.302532434603378926e-03
8.259779886863945209e-02,3.319737407649802491e-02,1.265061409205584311e-02,8.715542129628067736e-01
2.393483868323918479e-03,3.788092498130629909e-03,8.757635641833737359e-04,9.929426600693617155e-01
4.053357477046000412e-03,9.927699534358246369e-01,9.586912206623084262e-04,2.217997866467039374e-03
7.952850263302996617e-03,9.901934367858170605e-01,7.915927922499473197e-04,1.062120158629964364e-03
2.805271552681731784e-03,1.366525507638977240e-02,5.401640899750603103e-03,9.781278324711778493e-01
1.031175538893965883e-02,9.835080095588650817e-01,3.255916766486028052e-03,2.924318285708908758e-03
9.208918529780735218e-01,7.405632890044770711e-02,1.114761669386008132e-03,3.937056452092649317e-03
2.206925102858965301e-02,6.376948474614081014e-03,4.113508989940765741e-03,9.674402915068553988e-01
4.937355724584044717e-03,9.920106795463307092e-01,6.979004347468889839e-04,2.354064294338788915e-03
8.998621322161977354e-02,3.574262878487984019e-02,8.124522720898169625e-01,6.181888590368325720e-02
3.221450013385777564e-03,9.951918279511949850e-01,3.813206532671577502e-04,1.205401382152166074e-03
2.919178850480362596e-04,3.162212503269834409e-03,1.153415106383853415e-03,9.953924545052984518e-01
2.724539405602604061e-02,9.697086185215246790e-01,1.146570832774426426e-03,1.899416589674385617e-03
9.684067560035348370e-04,9.986189600411462530e-01,1.375590801962341364e-04,2.750741226543319926e-04
2.383025137048534053e-02,1.736568566996553407e-03,9.635725718487463398e-01,1.086060821377167300e-02
9.950454539175488389e-01,2.132103059229818742e-03,4.501613566764759268e-04,2.372281666545230858e-03
2.327688416807977521e-03,4.252903016971456944e-03,7.298081070978118014e-03,9.861213274952426167e-01
2.250134612451715633e-03,9.961689085443338199e-01,5.640098308450356476e-04,1.016947012369084956e-03
9.968120502382417092e-01,1.248178061597522400e-03,4.400469499322984929e-04,1.499724750228665672e-03
1.271645998500353474e-02,3.069386727601079376e-02,9.197483046537846541e-01,3.684136808520113715e-02
1.856279089601600360e-02,8.650123419517274231e-03,9.642349921975879035e-01,8.552093486878896769e-03
9.965981547331628221e-01,2.910235845642402189e-03,1.933861338346426495e-04,2.982232873602349665e-04
5.798320979058703938e-03,9.904638446390384710e-01,1.213906280402963275e-03,2.523928101499951608e-03
9.764717991444061829e-01,1.920343007933230858e-02,4.258146105213625118e-03,6.662467104776952076e-05
6.746423425235700475e-03,9.921896544897811365e-01,3.966359303184795334e-04,6.672861546643147831e-04
1.810611811946285761e-03,9.961284696943182304e-01,4.781891845816856686e-04,1.582729309153787156e-03
1.228329972613736477e-02,1.027824763334899555e-02,9.366319248570940115e-01,4.080652778341989362e-02
1.867244327863135794e-02,9.635173802459742198e-01,5.344795941468983777e-03,1.246538053392544365e-02
9.962585579278570025e-01,3.274571754940231415e-03,8.454735636163275060e-05,3.823229608407002875e-04
2.518273306507366055e-03,5.905174073427898324e-03,1.526300939875284944e-02,9.763135432213119191e-01
1.070124348233557517e-02,1.376916858583447992e-02,1.106318996045952546e-03,9.744232689357839039e-01
1.545852225563133960e-02,8.048776955009979625e-03,9.615022586018610040e-01,1.499044218749773574e-02
3.225244932295893291e-02,9.347954514108434143e-01,1.739584823410985498e-02,1.555625103208751851e-02
9.981788457919783530e-01,1.401459444491090500e-03,7.420233180617547702e-05,3.454924317244652916e-04
2.380803916804347109e-02,1.545798723168397481e-03,9.719588689508774637e-01,2.687293157910255071e-03
9.969803243154309325e-01,2.431300964105525837e-03,2.846694403920090283e-04,3.037052800710536766e-04
9.948696290695618893e-01,4.756488589909345019e-03,1.498698929645653666e-04,2.240124475640334106e-04
5.205404094546947809e-03,9.911956407564049831e-01,1.357989252916451221e-03,2.240965896131686362e-03
1.356029835640964847e-02,9.828320269123009822e-01,1.271513827752847976e-03,2.336160903537081411e-03
9.969515573555576271e-01,1.959283288718121057e-03,4.478557481002422226e-04,6.413036076242629394e-04
2.372417717513699426e-03,3.731273344499011577e-03,1.035094297864146834e-02,9.835453659593457187e-01
9.968861449536504660e-01,1.782299776429420966e-03,1.125150271314210573e-03,2.064049986062812007e-04
4.419419990846033819e-02,1.529760543376888424e-03,9.447688038027479696e-01,9.507235745414897507e-03
2.495924634179919749e-02,9.610284648740279323e-01,6.709671056483237743e-03,7.302617727689494562e-03
9.934298743959462108e-01,2.325876090609793265e-03,3.136131161272185611e-03,1.108118352171939347e-03
2.088173917071357161e-02,9.518757618770382622e-01,7.015930654181989044e-03,2.022656829806657522e-02
4.291051881908850354e-03,9.943550623366158581e-01,4.374810485860812655e-04,9.164047328891823966e-04
4.087715512507180370e-03,9.940045419028421536e-01,3.653261366515900190e-04,1.542416447999599236e-03
9.929375582309263315e-01,4.296094539565495883e-03,1.736651660594699682e-03,1.029695568913474666e-03
5.544486769203106104e-03,9.920225168309438901e-01,4.506441635811620069e-04,1.982352236271352035e-03
2.508478587471261664e-02,5.274560140130713642e-03,9.655781561124534562e-01,4.062497872703349673e-03
6.000462752223865472e-03,9.686959222461719587e-01,5.206771640019910996e-03,2.009684336158397075e-02
3.839192743005039737e-02,9.539878679973144981e-01,3.517130682767951808e-03,4.103073889867145732e-03
1.518516695758688429e-03,8.874233459169086902e-03,1.819055200552836251e-03,9.877881946445197237e-01
4.351724916841298585e-02,1.466026846274514489e-02,9.312908785194530248e-01,1.053160384938881672e-02
1.829200203731992658e-02,9.793870728497726663e-01,1.492952113540434514e-03,8.279729993671564731e-04
9.611875764661194366e-03,9.877269515958547741e-01,9.841633001554145506e-04,1.677009339328667083e-03
4.110288909366031397e-03,9.932184811870538033e-01,1.194017795785105905e-03,1.477212107795184987e-03
9.958738916747531533e-01,1.493225811502460433e-03,1.944360679702846536e-03,6.885218340419023723e-04
9.682348962712968715e-03,9.875451532273256117e-01,7.775187605048848073e-04,1.994979049456604200e-03
2.000603846916349220e-03,9.863187772557207023e-01,2.547463815373547137e-03,9.133155081990043667e-03
9.054431579730333121e-03,9.826888908429338709e-01,1.922879848892431560e-03,6.333797728442962585e-03
8.334295980657565814e-03,9.784318832574999680e-01,2.840941623417536817e-03,1.039287913842509500e-02
9.936841063376595784e-01,4.849725417498731810e-03,8.863758574154339100e-04,5.797923874264439888e-04
4.191240330255849300e-03,9.901801095967602828e-01,3.637321391970259419e-04,5.264917933786705979e-03
9.971973954326218692e-01,2.209223762707577393e-03,4.624145167372106595e-04,1.309662879335808335e-04
4.573708589739146346e-02,5.584197938519004645e-03,9.441698085155707520e-01,4.508907648518928162e-03
2.165444401042892694e-02,5.405871908960305922e-03,9.543118130479001371e-01,1.862787103271024841e-02
1.162205354685121733e-02,1.314575679472264162e-02,5.970783799056285888e-03,9.692614058593699289e-01
2.182005853476572110e-02,6.008025670730655216e-03,1.050261174754848689e-02,9.616693040469551645e-01
9.915063742895815491e-01,6.608820569481865803e-03,3.542724840805390940e-04,1.530532656856143509e-03
1.465159730918392383e-03,9.952813942519195267e-01,5.764880121734129942e-04,2.676958004988863604e-03
8.890866750413192396e-03,3.640184718010594511e-02,9.488062027991168712e-01,5.901083270364013839e-03
2.587727020826637025e-02,8.984367802508786902e-03,9.544008486785953149e-01,1.073751331062977772e-02
2.582261777919882609e-02,6.243224918421929129e-03,6.250539821551433922e-03,9.616836174808279791e-01
9.886520608036833968e-01,8.269503518686790663e-03,2.215065554620184417e-03,8.633701230098178494e-04
3.645521588617823411e-02,5.713986200019763664e-03,9.506788254407262384e-01,7.151972473075695301e-03
1.309473731266335914e-03,1.268128642913509893e-02,5.763152882953763607e-03,9.802460869566446133e-01
5.236961348557616497e-02,9.426059339824766070e-01,3.316600288765990130e-03,1.707852243181726863e-03
2.815636198415344751e-02,1.129115659392476191e-02,9.425484088855377030e-01,1.800407253638414834e-02
9.963132755697537979e-01,1.897691476937547793e-03,1.199881269224792064e-03,5.891516840837200068e-04
2.262024825127691879e-04,7.414060743683979771e-02,8.398667216651037673e-03,9.172345228639964265e-01
1.042975884785632369e-03,6.421998879383429733e-03,2.056582221415630997e-03,9.904784430144153440e-01
4.691854717873181549e-03,4.295034634354047247e-03,1.106487235447535522e-02,9.799482382932975799e-01
2.523405407299971273e-02,2.954096932240884337e-04,9.673168456032452678e-01,7.153690630531061266e-03
1.114883035161308433e-02,9.841411123877390477e-01,1.914679099402373562e-03,2.795378161245840737e-03
9.164965924615780385e-03,3.417043552967409959e-04,9.843431035485344927e-01,6.150226171552733781e-03
9.911091687119364391e-01,6.978408072816078868e-03,1.546648326570916870e-03,3.657748886759725165e-04
1.581090452677985300e-02,1.252936862245993856e-03,9.734164066613679722e-01,9.519751949606095054e-03
2.583183476580005241e-03,9.942894914003999052e-01,1.630384911101775969e-03,1.496940211918354382e-03
9.533637941761074694e-03,9.745240391299866412e-01,6.644791446168551476e-03,9.297531482083738752e-03
5.460525677269819494e-02,8.359298059376736589e-02,7.676392602472452698e-01,9.416250238628902369e-02
4.147813707885149304e-02,8.082240331825224500e-03,9.075482050568857151e-01,4.289141753243752575e-02
2.931383349721996406e-02,6.792759254905250677e-02,8.914428146122194141e-01,1.131575934150803875e-02
1.581643049978347440e-02,9.783222316469510904e-01,1.994812152649862690e-03,3.866525700615600688e-03
2.648242793443587872e-02,9.717104481018953299e-01,7.296241681638877688e-04,1.077499795504605106e-03
9.970526493821820768e-01,2.331585575071623301e-03,5.041185618127837003e-04,1.116464809332844431e-04
7.497045056279646666e-03,9.905525135462832642e-01,4.376725818867680516e-04,1.512768815550480936e-03
3.038549515387406474e-02,5.304715780409338492e-03,9.566889283755013462e-01,7.620860690215083139e-03
2.636281581463566833e-03,9.951937174297228461e-01,4.499847338172124054e-04,1.720016254996346514e-03
1.287369190675598067e-02,9.818556743116806373e-01,1.524390387852883307e-03,3.746243393710366621e-03
3.456156750766296859e-02,7.223967710780622269e-03,9.550347265158868337e-01,3.179738265669534644e-03
1.027357678028081520e-02,8.787692317956215986e-04,8.684932398043719859e-01,1.203544141835513476e-01
9.960719994311374448e-01,3.443433319629952798e-03,3.538870173471149504e-04,1.306802318851763055e-04
8.045392986078583539e-03,9.878017013741977603e-01,1.106178627163655406e-03,3.046727012559999857e-03
8.513556730031394959e-03,9.897173798249589982e-01,4.397545768970151760e-04,1.329308868112708203e-03
9.932665190396641197e-01,5.931344623697572607e-03,3.440982340429878821e-04,4.580381025952686737e-04
9.972456193079657361e-01,2.449964981326613941e-03,2.395160287831359514e-04,6.489968192474355069e-05
2.075700005989583596e-03,9.945725890131779101e-01,1.317515412286839657e-03,2.034195568545665769e-03
2.069969539260184399e-02,9.746054769884182623e-01,2.260390095337671060e-03,2.434437523642253055e-03
2.311405840449352531e-02,9.601581816093159860e-01,8.134933926084839464e-03,8.592826060105810543e-03
9.858546318073051484e-01,1.341758621340915364e-02,2.289822305324635046e-04,4.987997487529486056e-04
9.954421929718195727e-01,3.343273663485252321e-03,2.343795898767177840e-04,9.801537748188823319e-04
2.391321866490028238e-03,9.959373690175383764e-01,5.827548928392455680e-04,1.088554223132441384e-03
9.940047269207027414e-01,4.744553274317143098e-03,5.496768267063646338e-04,7.010429782741098596e-04
3.050624011286229981e-02,7.557229003212623253e-03,9.561533846140599646e-01,5.783146269865268446e-03
1.652679633707828527e-02,9.748323022325278142e-01,3.652002983499726650e-03,4.988898446893900648e-03
9.952897330403680520e-01,2.557850797312778268e-03,1.191810553611758177e-03,9.606056087075140904e-04
3.903520433824713559e-02,9.564720661197558815e-01,2.374968985565709210e-03,2.117760556431528673e-03
7.715557031305482136e-03,7.731697582938225517e-03,5.727327296130470778e-03,9.788254180896259760e-01
1.998964578907085760e-02,9.780809118305656691e-01,5.358021700872782908e-04,1.393640210276562682e-03
1.302383033762614592e-02,9.835401701554031817e-01,1.012310022479322429e-03,2.423689484491171279e-03
9.928110574983913805e-01,6.282160050940110811e-03,2.834336274132449288e-04,6.233488232554619795e-04
5.974479866576985505e-04,1.912570266163109069e-03,1.070382501631931020e-03,9.964195992455475714e-01
5.296084398412273173e-03,4.573602181803418203e-03,9.597207427876955910e-01,3.040957063208846178e-02
1.905836747366215734e-03,9.979701772299267581e-01,3.977736688514952137e-05,8.420865582226242675e-05
1.232100893794346773e-03,3.764542535734099506e-03,2.494727180450712067e-03,9.925086293900206025e-01
3.258565108065544086e-02,1.686932627646417840e-02,9.373260799847112912e-01,1.321894265816913466e-02
1.127767360452702414e-02,9.867759803528255436e-01,7.622779995274121248e-04,1.184068043119720828e-03
2.082787187768548492e-04,1.055226530231205767e-03,4.311334524512395539e-04,9.983053612985410830e-01
1.306654758607456515e-02,9.856856750849912752e-01,7.260871889479528132e-04,5.216901399867067976e-04
9.901930808041539134e-01,2.392883547962542257e-03,3.345053304986408699e-03,4.068982342897349905e-03
9.970456610105555839e-01,2.812724001798107189e-03,6.026497184927083592e-05,8.135001579711081054e-05
2.021246014166489663e-02,8.432228608494718100e-03,9.521934831697294044e-01,1.916182808011091671e-02
4.118557522452819409e-04,2.251181875321242674e-03,4.931404687659209215e-04,9.968438219036680481e-01
1.329665759717324654e-02,2.166292234202832692e-02,1.963257347702860797e-02,9.454078465837696399e-01
5.940157005781466180e-03,9.882532552175361529e-01,1.437541271487620441e-03,4.369046505194915976e-03
2.922997316923479309e-03,9.949843487935589037e-01,9.777359366284074042e-04,1.114917952888884543e-03
6.330731036183234392e-03,4.976303136400209333e-03,1.824656544611200342e-03,9.868683092828053338e-01
1.017002117576360498e-01,6.579173442276721115e-03,2.005095334172611599e-02,8.716696614583610003e-01
9.947287452731736757e-01,4.074694089712258688e-03,8.269523396946110291e-04,3.696082974197716477e-04
1.289217296904603648e-02,9.846725482567540988e-01,5.310409782445579341e-04,1.904237795955627177e-03
1.104512092342350704e-01,1.330724831599433278e-01,7.292366381667318986e-01,2.723966943908954011e-02
2.064800509386247040e-02,7.182664259156233862e-03,9.483118205756465580e-01,2.385751007133491905e-02
2.279682102143221548e-02,1.259381377719522195e-02,1.178606136485955275e-02,9.528233038365130358e-01
9.931566031421208418e-01,3.799651701182510735e-03,2.171390804556512597e-03,8.723543521404607693e-04
8.033371040961213849e-02,4.976381508712547121e-03,9.004665635715193295e-01,1.422334451015605516e-02
8.941675284898549254e-04,4.461127492825901243e-03,3.973193097939685739e-03,9.906715118807445375e-01
1.776232245616860168e-03,9.966953583435458341e-01,5.647347502828688236e-04,9.636746605548510277e-04
1.129109721977228972e-03,9.956649083527315813e-01,8.161409874725679371e-04,2.389840937818459021e-03
3.175024095645767597e-02,9.444566836004200105e-01,1.350292350409319948e-02,1.029015193902943492e-02
3.868117600904145276e-02,8.367314377708530079e-03,9.221732775780132618e-01,3.077823203523671544e-02
5.411470348368654058e-03,2.089164627799171715e-03,9.894525846769197663e-01,3.046780346912387506e-03
4.396205414182347004e-02,4.607002512182926078e-03,1.247051274302721571e-02,9.389604306029661895e-01
1.181471233691346219e-02,1.090346711764654877e-03,9.838621724792527834e-01,3.232768472069071346e-03
9.959405484364866057e-01,2.898609445478185064e-03,1.069225031469128555e-03,9.161708656586736276e-05
1.074234064242012704e-02,9.872557276716465990e-01,5.824612695928143733e-04,1.419470416340493698e-03
2.573587112666691958e-03,1.825775247460093356e-02,8.389501009381341787e-03,9.707791594033507998e-01
1.193575196980319469e-01,4.102287304328175455e-02,4.681631012190492352e-02,7.928032971367814374e-01
4.678516717102401690e-02,2.788955540338615077e-03,9.376058672512621595e-01,1.282001003737537510e-02
1.301125157235433552e-02,9.759283045938010881e-01,4.531980873463154792e-03,6.528462960381388631e-03
9.745983265564901396e-03,1.044887461399565502e-02,2.518209017927092522e-03,9.772869331025126893e-01
1.223015961186804806e-01,5.004283096364337685e-02,7.223388388940401583e-01,1.053167340236360328e-01
7.777208305839134264e-03,1.948059949997052800e-02,8.648798856760271311e-03,9.640933933374301601e-01
4.465751804884074416e-02,9.411606601233897832e-04,9.487989088655136571e-01,5.602412425522114263e-03
5.665843795519493430e-03,9.809407220947495842e-01,2.989310367727305000e-03,1.040412374200352236e-02
5.420071161397916476e-02,9.346451217128840527e-01,5.409835395886123353e-03,5.744331277250446649e-03
9.916523411901279061e-01,3.873319323717531581e-03,1.825324988787470001e-03,2.649014497367422737e-03
3.851839873413970966e-02,3.273771724952073605e-03,9.463232511518909762e-01,1.188457838901724531e-02
9.922722804199167745e-01,6.208762474197407517e-03,9.953444008910980988e-04,5.236127049942399751e-04
9.922415160902837705e-01,5.599046639015915587e-03,1.272511916341178542e-03,8.869253543589045207e-04
2.776499833880697547e-03,9.914063824226562183e-01,1.201222916241537556e-03,4.615894827221360582e-03
9.949113471790305141e-01,4.226244362408956672e-03,6.075915340563619498e-04,2.548169245039998794e-04
2.811936442570231020e-03,1.277018011406273702e-03,8.803357494699884508e-04,9.950307097965535030e-01
2.521538956280231641e-02,9.682968192419652009e-01,3.306337596605892198e-03,3.181453598626662882e-03
2.918639343487490836e-02,3.090405825623816771e-03,9.260661641969329949e-01,4.165703654256831118e-02
9.964021666045485004e-01,2.831862621941690951e-03,3.614113955957350024e-04,4.045593779139019142e-04
3.712320188002007481e-03,9.954163732132305098e-01,3.374956831417055239e-04,5.338109156255819868e-04
7.005204192363875815e-03,9.918450330798875836e-01,5.555142927835380901e-04,5.942484349646878772e-04
2.667432953505602736e-02,9.584389714601040250e-03,9.562581286689298965e-01,7.483152081413031557e-03
2.570601893483741296e-02,3.615688740163101531e-03,9.611384104945531748e-01,9.539881830446479000e-03
2.887236386179821250e-03,9.319448499207214770e-03,5.493550198373110295e-03,9.822997649162399370e-01
1.803069471628531220e-02,5.819866714738123475e-02,9.146167017084226858e-01,9.153936427911011850e-03
4.593436788394132534e-04,2.673231118312039897e-02,1.601589148190634554e-02,9.567924536561338567e-01
1.582063247694198704e-02,9.778388213813096197e-01,2.937682108744815290e-03,3.402864033003407968e-03
6.815908829385032563e-02,1.201347378012375816e-01,5.841719902090981853e-02,7.532889748840023714e-01
1.621127236426769857e-03,9.978611670998682737e-01,9.452527427696394099e-05,4.231803894279028452e-04
5.546657848674982350e-02,4.509427773958850014e-03,9.197461642802751136e-01,2.027782945901620767e-02
8.688753263467770618e-03,9.832452273930110120e-01,4.097062280882544059e-03,3.968957062638640322e-03
2.170886643592676458e-03,9.973838615512233829e-01,1.606709286818581853e-04,2.845808765023946879e-04
5.700473471101605814e-03,9.888661982829275443e-01,1.645233089508715395e-03,3.788095156462396428e-03
1.108008479760427129e-02,9.835050023841995781e-01,1.502343385260249218e-03,3.912569432935976421e-03
1.274624044464198191e-01,1.186426655421786019e-01,7.356711563269558996e-01,1.822377368444560303e-02
7.069040704364207284e-02,8.153590194596306573e-03,8.911727322797262651e-01,2.998327048203536932e-02
6.749703075607190773e-03,9.927057902870752848e-01,3.249782694774918258e-04,2.195283678397328786e-04
3.343989926025060788e-03,5.104076296022129478e-03,1.351415950062694656e-03,9.902005178278903141e-01
1.781922084650724644e-02,2.944352348574888478e-03,9.759976197946609311e-01,3.238807010257187258e-03
5.624073328108073529e-04,9.988181662461744770e-01,7.996667783992569541e-05,5.394597431745706568e-04
9.946121253758753999e-01,4.184627043928528141e-03,5.617107514458111617e-04,6.415368287504614369e-04
3.007137686867362471e-03,4.799583518595076231e-03,7.303974473826939026e-03,9.848893043207104236e-01
2.014941250878133847e-02,9.778001460515360899e-01,7.075202784353988713e-04,1.342921161246953899e-03
9.949898027368507814e-01,4.797933457266434672e-03,1.193806583038063902e-04,9.288314757951224830e-05
2.890514769558187591e-02,9.522231139443255721e-01,4.476284264255880711e-03,1.439545409583677972e-02
9.612203302185734488e-02,8.077707651371791517e-03,8.915902190128986993e-01,4.210040313872219844e-03
3.950922801173884120e-03,9.940098424902337193e-01,4.643500848230813229e-04,1.574884623769467421e-03
8.995163175972821848e-03,2.748808287583574816e-02,8.391110980173082101e-01,1.244056559308833049e-01
2.153810337111500273e-02,9.748821624551053944e-01,1.382092758577919142e-03,2.197641415201646246e-03
5.428444275509203276e-03,9.923410123753789724e-01,7.395329027750913295e-04,1.491010446336533133e-03
5.937112846043749413e-03,1.451818109429376703e-02,4.480550980038368845e-03,9.750641550796240731e-01
2.692327850152352597e-03,9.951623935999189818e-01,6.856305260392737792e-04,1.459648023889730710e-03
1.124317838335258703e-02,9.868635395940437149e-01,4.778980808964971129e-04,1.415383941707009556e-03
5.814882306450526450e-02,1.320626895506261424e-02,9.234321725641230216e-01,5.212735416309399739e-03
4.507648270382552669e-02,4.772257988404098733e-02,8.985828325642956083e-01,8.618104847838058136e-03
9.979154981258852031e-01,1.888189007914672793e-03,7.543682061960650220e-05,1.208760455808739948e-04
7.710092546754696409e-04,3.974681602967533416e-03,8.519739733839216522e-04,9.944023351689733614e-01
1.808625281260732923e-02,3.938511408354159089e-03,9.734873800715737602e-01,4.487855707464770590e-03
9.977492289521037172e-01,1.385317995202715218e-03,5.156361267947232475e-04,3.498169258989803970e-04
